6.773200000000000054e-02	3.176512999999999920e+00
4.278100000000000236e-01	3.816463999999999857e+00
9.957310000000000327e-01	4.550094999999999779e+00
7.383359999999999923e-01	4.256571000000000105e+00
9.810830000000000384e-01	4.560814999999999841e+00
5.261710000000000553e-01	3.929514999999999869e+00
3.788869999999999738e-01	3.526170000000000027e+00
3.385900000000000021e-02	3.156393000000000004e+00
1.327909999999999924e-01	3.110301000000000204e+00
1.383060000000000123e-01	3.149812999999999974e+00
2.478090000000000015e-01	3.476345999999999936e+00
6.482700000000000129e-01	4.119688000000000017e+00
7.312089999999999979e-01	4.282232999999999734e+00
2.368329999999999880e-01	3.486581999999999848e+00
9.697879999999999834e-01	4.655491999999999742e+00
6.074920000000000320e-01	3.965161999999999853e+00
3.586219999999999963e-01	3.514899999999999913e+00
1.478460000000000052e-01	3.125947000000000031e+00
6.378200000000000536e-01	4.094115000000000393e+00
2.303719999999999934e-01	3.476039000000000101e+00
7.023699999999999388e-02	3.210609999999999964e+00
6.715400000000000535e-02	3.190611999999999782e+00
9.255769999999999831e-01	4.631503999999999621e+00
7.177329999999999544e-01	4.295889999999999986e+00
1.537099999999999925e-02	3.085027999999999881e+00
3.350699999999999790e-01	3.448080000000000034e+00
4.048600000000000115e-02	3.167440000000000033e+00
2.125749999999999862e-01	3.364266000000000201e+00
6.172180000000000444e-01	3.993482000000000198e+00
5.411960000000000104e-01	3.891471000000000124e+00
4.535299999999999748e-02	3.143259000000000025e+00
1.267620000000000136e-01	3.114203999999999972e+00
5.564860000000000362e-01	3.851484000000000130e+00
9.011439999999999451e-01	4.621898999999999980e+00
9.584759999999999946e-01	4.580767999999999951e+00
2.745609999999999995e-01	3.620992000000000210e+00
3.943960000000000243e-01	3.580500999999999934e+00
8.724800000000000333e-01	4.618706000000000422e+00
4.099320000000000186e-01	3.676867000000000107e+00
9.089690000000000270e-01	4.641844999999999999e+00
1.668189999999999951e-01	3.175939000000000068e+00
6.650160000000000515e-01	4.264980000000000437e+00
2.637269999999999892e-01	3.558447999999999833e+00
2.312140000000000029e-01	3.436631999999999909e+00
5.529279999999999751e-01	3.831052000000000124e+00
4.774400000000000172e-02	3.182853000000000154e+00
3.657460000000000155e-01	3.498905999999999850e+00
4.950019999999999976e-01	3.946832999999999814e+00
4.934660000000000157e-01	3.900583000000000133e+00
7.921010000000000550e-01	4.238521999999999679e+00
7.696600000000000108e-01	4.233080000000000176e+00
2.518210000000000170e-01	3.521557000000000048e+00
1.819510000000000016e-01	3.203343999999999969e+00
8.081770000000000342e-01	4.278105000000000047e+00
3.341160000000000241e-01	3.555705000000000116e+00
3.386299999999999866e-01	3.502660999999999802e+00
4.525839999999999863e-01	3.859776000000000096e+00
6.947699999999999987e-01	4.275955999999999868e+00
5.909020000000000383e-01	3.916190999999999978e+00
3.079279999999999795e-01	3.587960999999999956e+00
1.483639999999999959e-01	3.183003999999999944e+00
7.021800000000000264e-01	4.225235999999999770e+00
7.215439999999999632e-01	4.231082999999999927e+00
6.668859999999999788e-01	4.240543999999999869e+00
1.249310000000000004e-01	3.222372000000000014e+00
6.182860000000000023e-01	4.021444999999999936e+00
3.810859999999999803e-01	3.567479000000000067e+00
3.856430000000000136e-01	3.562580000000000080e+00
7.771749999999999492e-01	4.262058999999999820e+00
1.160889999999999977e-01	3.208813000000000137e+00
1.154870000000000063e-01	3.169824999999999893e+00
6.635100000000000442e-01	4.193948999999999927e+00
2.548839999999999995e-01	3.491677999999999837e+00
9.938879999999999937e-01	4.533305999999999614e+00
2.954339999999999744e-01	3.550107999999999819e+00
9.525230000000000086e-01	4.636427000000000298e+00
3.070470000000000144e-01	3.557078000000000184e+00
2.772609999999999797e-01	3.552874000000000088e+00
2.791009999999999880e-01	3.494158999999999793e+00
1.757239999999999913e-01	3.206827999999999790e+00
1.563829999999999942e-01	3.195266000000000162e+00
7.331649999999999556e-01	4.221292000000000044e+00
8.481419999999999515e-01	4.413371999999999851e+00
7.711839999999999806e-01	4.184346999999999817e+00
4.294919999999999849e-01	3.742878000000000149e+00
1.621759999999999868e-01	3.201877999999999780e+00
9.170639999999999903e-01	4.648964000000000318e+00
3.150439999999999907e-01	3.510117000000000154e+00
2.014730000000000132e-01	3.274433999999999845e+00
2.970380000000000242e-01	3.579622000000000082e+00
3.366469999999999740e-01	3.489243999999999790e+00
6.661089999999999511e-01	4.237385999999999875e+00
5.838879999999999626e-01	3.913749000000000144e+00
8.503099999999999548e-02	3.228990000000000027e+00
6.870060000000000056e-01	4.286285999999999596e+00
9.496550000000000269e-01	4.628613999999999784e+00
1.899119999999999975e-01	3.239536000000000193e+00
8.440269999999999717e-01	4.457996999999999765e+00
3.332879999999999732e-01	3.513383999999999840e+00
4.270349999999999979e-01	3.729674000000000156e+00
4.663689999999999780e-01	3.834274000000000182e+00
5.506590000000000096e-01	3.811154999999999848e+00
2.782129999999999881e-01	3.598316000000000070e+00
9.187689999999999468e-01	4.692514000000000074e+00
8.865549999999999820e-01	4.604859000000000258e+00
5.694879999999999942e-01	3.864911999999999903e+00
6.637899999999999356e-02	3.184235999999999844e+00
3.357510000000000217e-01	3.500795999999999797e+00
4.268629999999999924e-01	3.743364999999999831e+00
3.957459999999999867e-01	3.622904999999999820e+00
6.942209999999999770e-01	4.310795999999999850e+00
2.727600000000000025e-01	3.583356999999999903e+00
5.034950000000000259e-01	3.901851999999999876e+00
6.711899999999999811e-02	3.233521000000000090e+00
3.832599999999999896e-02	3.105265999999999860e+00
5.991220000000000434e-01	3.865543999999999869e+00
9.470539999999999514e-01	4.628625000000000433e+00
6.712789999999999591e-01	4.231213000000000335e+00
4.348110000000000031e-01	3.791148999999999880e+00
5.093809999999999727e-01	3.968271000000000104e+00
7.494420000000000526e-01	4.253910000000000302e+00
5.801400000000000307e-02	3.194710000000000161e+00
4.829780000000000184e-01	3.996503000000000139e+00
4.667760000000000242e-01	3.904358000000000217e+00
3.577670000000000017e-01	3.503976000000000202e+00
9.491230000000000500e-01	4.557545000000000179e+00
4.173200000000000243e-01	3.699876000000000165e+00
9.204609999999999737e-01	4.613614000000000104e+00
1.564329999999999887e-01	3.140401000000000220e+00
6.566619999999999679e-01	4.206717000000000262e+00
6.164180000000000215e-01	3.969523999999999830e+00
8.534279999999999644e-01	4.476096000000000075e+00
1.332949999999999968e-01	3.136528000000000205e+00
6.930070000000000396e-01	4.279071000000000069e+00
1.784489999999999965e-01	3.200603000000000087e+00
1.995260000000000089e-01	3.299011999999999833e+00
7.322399999999999742e-02	3.209872999999999976e+00
2.865150000000000197e-01	3.632941999999999894e+00
1.820259999999999934e-01	3.248361000000000054e+00
6.215230000000000476e-01	3.995782999999999863e+00
3.445840000000000014e-01	3.563261999999999929e+00
3.985560000000000214e-01	3.649712000000000067e+00
4.803689999999999904e-01	3.951845000000000052e+00
1.533499999999999863e-01	3.145030999999999910e+00
1.718459999999999988e-01	3.181576999999999877e+00
8.670820000000000194e-01	4.637087000000000181e+00
2.238549999999999984e-01	3.404964000000000102e+00
5.283010000000000206e-01	3.873187999999999853e+00
8.901919999999999833e-01	4.633647999999999989e+00
1.063520000000000021e-01	3.154767999999999795e+00
9.178859999999999797e-01	4.623637000000000441e+00
1.485500000000000015e-02	3.078132000000000090e+00
5.676820000000000199e-01	3.913596000000000075e+00
6.885399999999999854e-02	3.221817000000000153e+00
6.035350000000000437e-01	3.938070999999999877e+00
5.320500000000000229e-01	3.880822000000000216e+00
6.513619999999999965e-01	4.176435999999999815e+00
9.012250000000000538e-01	4.648160999999999987e+00
2.043369999999999909e-01	3.332311999999999941e+00
6.960809999999999498e-01	4.240613999999999884e+00
9.639240000000000030e-01	4.532224000000000252e+00
9.813899999999999846e-01	4.557104999999999961e+00
9.879109999999999836e-01	4.610071999999999726e+00
9.909470000000000223e-01	4.636568999999999718e+00
7.360210000000000363e-01	4.229813000000000045e+00
2.535740000000000216e-01	3.500859999999999861e+00
6.747220000000000439e-01	4.245514000000000010e+00
9.393679999999999808e-01	4.605182000000000109e+00
2.354189999999999894e-01	3.454340000000000188e+00
1.105209999999999942e-01	3.180775000000000130e+00
2.180229999999999946e-01	3.380819999999999936e+00
8.697780000000000511e-01	4.565019999999999634e+00
1.968300000000000050e-01	3.279973000000000027e+00
9.581779999999999742e-01	4.554241000000000206e+00
9.726730000000000098e-01	4.633519999999999861e+00
7.457970000000000432e-01	4.281037000000000425e+00
4.456740000000000146e-01	3.844425999999999899e+00
4.705570000000000030e-01	3.891601000000000088e+00
5.492359999999999465e-01	3.849727999999999817e+00
3.356910000000000172e-01	3.492214999999999847e+00
8.847390000000000532e-01	4.592374000000000400e+00
9.189159999999999551e-01	4.632024999999999615e+00
4.418150000000000133e-01	3.756749999999999812e+00
1.165979999999999933e-01	3.133554999999999868e+00
3.592739999999999823e-01	3.567918999999999841e+00
8.148109999999999520e-01	4.363381999999999650e+00
3.871249999999999969e-01	3.560165000000000024e+00
9.822429999999999772e-01	4.564305000000000057e+00
7.808800000000000185e-01	4.215055000000000440e+00
6.525649999999999507e-01	4.174998999999999683e+00
8.700299999999999701e-01	4.586640000000000050e+00
6.047550000000000425e-01	3.960008000000000195e+00
2.552119999999999944e-01	3.529962999999999962e+00
7.305460000000000287e-01	4.213411999999999935e+00
4.938290000000000179e-01	3.908685000000000187e+00
2.570169999999999955e-01	3.585821000000000147e+00
8.337350000000000039e-01	4.374393999999999672e+00
7.009500000000000453e-02	3.213817000000000146e+00
5.270700000000000385e-01	3.952681000000000111e+00
1.161630000000000024e-01	3.129283000000000037e+00
